000000000000000000000000000000
000000000000000000000000000000
000000000000000000000000111000
000000000000000000000000000000
000000000000000000000010000010
000000000000000000000010000010
000000000000001000000010000010
000000000000010100000000000000
000000000000010100000000111000
000000000000001000000000000000
000000000000000000000000000000
000000000110000000000000000000
000000001001000000000000000000
000000000110000000000000000000
000000000000000000000000000000
000000000000001000000000000000
000000000000010100000000000000
000000000000010100000000000000
000000000000001000000000000000
000111000000000000000000000000
